10
37
10
3
40
16
113
9
17
3
8
48
1
92
2
33
33
6
3
2
1
2
90
10
9
31
2
61
35
6
15
39
1
17
24
12
4
7
170
2
49
57
7
1
1
19
23
6
30
3
47
7
3
2
5
7
41
32
380
6
68
31
50
3
2
6
20
2
1
24
3
3
4
8
15
4
1
12
1
4
43
3
2
2
6
15
27
2
2
42
52
6
4
1
3
5
7
2
10
17
2
1
1
4
6
13
123
11
17
2
12
2
6
8
1
7
1
2
30
11
3
6
2
30
1
14
15
11
1
2
33
11
1
96
20
5
19
7
31
11
1
5
7
9
1
4
17
9
18
10
2
1
1
3
4
35
10
9
3
5
5
7
5
15
26
7
1
3
1
4
58
2
1
1
109
13
7
4
32
38
1
7
82
1
4
9
34
7
43
6
1
1
44
2
1
1
17
4
14
32
23
1
5
48
9
2
2
9
1
16
4
15
1
20
15
8
2
7
4
18
1
46
10
3
13
22
1
6
11
8
2
4
24
31
1
1
1
4
1
1
2
1
1
1
3
3
1
17
5
6
1
11
1
1
26
6
4
3
7
15
2
6
5
3
1
4
2
2
8
2
2
12
2
1
5
1
1
25
2
25
1
3
1
114
3
33
11
13
12
6
6
2
4
7
1
1
6
1
1
7
1
6
3
10
4
9
2
17
1
25
2
3
1
1
1
2
12
3
1
4
9
40
2
6
10
2
8
10
2
2
4
11
10
57
10
10
3
26
4
1
5
3
1
1
3
14
2
2
2
21
23
2
2
8
2
25
1
5
1
2
2
1
3
1
10
2
6
2
33
3
143
1
6
3
43
1
69
3
23
3
1
2
4
1
1
3
8
2
1
2
2
1
1
1
2
1
2
6
7
6
6
1
13
1
4
2
3
9
1
1
78
149
8
1
6
10
1
2
1
6
3
2
1
18
1
1
1
1
4
19
6
2
6
5
2
54
1
6
1
4
20
6
12
4
4
6
10
4
3
1
4
3
5
1
3
5
10
8
3
1
5
16
38
3
3
2
3
3
1
3
6
1
2
11
10
2
1
5
2
1
4
37
11
5
5
3
15
8
5
1
3
80
1
4
1
1
8
1
2
3
2
1
2
3
1
8
32
23
1
1
8
5
2
2
3
6
2
1
1
5
3
11
3
3
11
18
2
4
1
5
7
3
18
4
1
35
6
2
1
34
79
4
6
2
2
5
10
14
4
8
5
6
7
2
5
11
1
5
4
3
1
9
1
7
1
7
4
22
1
2
1
1
3
2
2
2
1
4
5
6
3
1
1
7
5
1
2
1
6
4
1
5
4
20
2
3
1
2
5
2
2
3
1
22
1
2
1
1
2
1
1
2
18
2
3
1
9
1
1
9
2
1
9
1
11
1
1
5
3
5
2
1
2
6
1
1
6
2
5
2
4
3
1
226
1
5
5
1
4
16
2
1
1
4
7
2
1
4
1
1
1
1
1
2
1
3
5
2
4
1
4
1
2
3
3
4
4
2
1
3
9
1
1
1
1
1
1
3
9
2
3
37
8
2
10
1
330
3
1
7
1
1
6
1
5
5
3
6
14
13
4
8
6
1
7
4
3
1
1
14
2
1
4
2
3
1
6
2
3
31
1
2
2
3
1
4
1
2
8
8
1
8
4
5
8
1
11
1
1
2
5
1
10
1
6
1
3
2
6
2
26
2
2
1
3
1
1
2
2
4
1
3
1
1
1
1
1
2
2
5
2
1
12
1
1
5
1
18
1
2
1
8
4
1
1
1
1
10
2
1
1
36
1
2
3
4
1
1
1
2
2
9
1
3
1
3
2
3
1
1
1
4
2
1
2
6
5
2
1
4
2
2
26
1
3
25
8
1
4
2
13
3
1
9
3
9
7
2
1
1
6
2
2
1
2
11
2
1
17
11
5
1
2
1
19
6
6
1
1
1
1
1
17
8
1
1
1
7
3
1
7
4
1
2
1
1
9
3
1
5
2
3
2
1
1
1
1
5
5
1
5
5
1
6
1
1
1
1
1
3
4
4
2
30
16
2
1
1
1
1
3
7
1
14
1
2
1
2
4
5
10
7
4
1
7
3
2
1
53
6
4
1
1
1
9
17
1
1
2
4
5
13
2
1
8
2
2
2
1
8
1
1
1
2
1
3
1
2
1
2
9
4
2
52
1
1
5
3
1
2
1
2
2
1
1
1
1
1
1
1
1
1
1
5
1
1
2
2
1
3
1
1
2
1
3
1
1
2
1
6
2
1
13
1
2
1
1
1
2
1
25
1
2
4
3
46
1
1
1
1
4
1
7
1
30
158
4
1
15
10
1
3
3
2
1
3
8
2
2
2
2
2
1
1
1
2
1
1
2
1
295
1
1
3
5
3
1
3
1
6
6
5
4
5
1
1
21
2
2
1
1
4
2
1
1
1
1
1
1
1
3
1
3
2
3
2
5
10
6
1
3
1
4
1
2
6
3
1
13
3
14
1
2
1
1
7
8
9
2
4
8
2
1
1
3
1
3
2
5
7
1
7
3
6
1
6
1
1
1
1
3
1
4
1
7
8
2
2
1
1
1
6
1
2
1
1
3
3
12
5
1
8
4
3
1
1
1
2
1
3
1
14
1
1
7
3
2
8
3
1
5
1
2
1
2
19
9
1
2
3
9
6
1
1
1
1
1
1
1
1
1
1
3
1
7
1
2
2
4
1
1
1
1
1
1
1
4
29
2
1
2
4
1
16
4
1
4
1
1
1
1
1
42
1
1
6
5
5
1
1
2
1
1
1
1
2
6
1
15
2
1
1
1
22
1
1
1
1
1
3
4
1
14
3
1
1
1
3
1
18
1
1
1
2
1
3
3
1
8
1
1
1
55
1
1
1
1
1
3
1
2
3
2
2
1
1
2
6
3
1
2
2
4
1
1
1
4
1
1
1
2
1
1
3
2
2
1
2
1
1
5
1
9
5
1
1
3
1
1
1
1
7
3
4
4
2
1
2
1
3
5
1
1
3
1
9
4
2
1
1
6
1
5
1
1
10
1
1
4
3
2
5
13
1
1
2
9
1
1
10
1
3
3
2
3
7
1
1
3
5
5
10
3
6
1
8
2
2
3
3
4
5
1
1
1
2
6
1
2
14
1
8
1
1
1
2
3
1
15
2
1
2
1
2
3
3
4
8
2
1
1
4
2
4
1
2
1
12
12
4
1
1
1
2
1
1
1
3
4
2
6
3
1
2
1
1
6
3
1
1
1
8
2
3
3
2
3
4
2
3
4
4
1
1
2
1
1
1
3
3
2
3
1
2
5
2
4
1
10
1
6
3
1
1
1
1
3
1
1
5
4
23
1
1
1
2
1
1
1
1
1
1
4
1
2
1
1
2
1
3
15
2
2
1
1
1
3
1
1
1
5
2
1
3
1
1
2
1
2
4
1
4
1
7
1
2
2
2
1
1
1
8
1
3
6
7
1
1
2
1
1
3
2
1
1
1
2
1
1
2
1
3
2
1
1
1
2
1
2
2
5
5
2
330
2
1
1
1
1
1
4
1
3
2
1
3
3
2
7
2
2
1
4
2
3
1
2
1
1
1
1
2
1
3
4
1
9
1
3
2
1
1
1
3
3
2
1
1
1
3
4
2
1
1
10
1
1
3
1
1
4
1
2
1
3
5
3
1
2
2
1
1
1
4
2
1
3
3
5
1
3
3
3
1
2
1
6
2
2
2
2
1
1
5
1
1
2
1
1
1
1
4
2
1
18
1
13
3
1
5
2
2
1
3
1
1
1
1
2
1
1
1
1
2
1
1
4
1
7
1
1
8
1
2
1
4
2
3
1
1
3
1
2
2
1
1
2
20
2
1
1
1
1
3
4
1
1
1
1
4
4
9
1
1
1
1
1
1
3
3
5
3
1
2
1
1
3
1
1
1
2
1
11
1
1
4
1
1
1
1
2
1
1
1
5
1
2
1
1
1
1
2
1
1
3
1
2
2
1
1
2
1
2
1
2
1
1
2
2
1
1
1
1
1
2
6
8
1
1
1
2
3
3
1
1
3
1
1
1
1
2
1
2
4
4
1
2
5
3
1
1
2
1
1
1
1
1
6
2
4
2
5
1
1
1
2
1
1
1
4
1
1
5
1
1
2
3
1
3
1
1
5
2
1
1
4
1
4
2
1
2
1
3
1
1
1
3
2
1
1
4
2
1
2
1
2
2
1
5
2
1
1
3
2
2
1
1
1
1
1
1
33
2
2
1
2
4
4
1
1
3
2
3
1
2
2
3
1
2
1
1
1
1
1
1
1
1
7
1
1
1
4
1
1
1
1
1
7
2
3
1
2
1
1
1
1
1
2
2
1
2
8
1
4
3
1
2
1
1
1
1
1
2
1
1
1
1
1
50
1
2
1
2
2
2
2
2
1
1
1
2
1
1
3
1
2
5
1
3
2
4
1
2
1
1
3
2
3
1
1
2
1
1
3
1
1
1
1
1
1
1
1
1
1
1
1
2
5
1
1
1
2
2
2
2
3
1
4
1
1
1
1
1
1
2
3
1
2
2
2
1
1
4
1
1
2
3
1
2
1
2
5
1
1
1
1
1
1
2
2
1
2
1
1
1
2
1
1
1
2
1
1
1
1
1
2
1
1
3
1
1
2
1
2
1
2
2
1
1
1
1
6
1
1
4
1
2
2
1
2
1
3
1
1
1
1
2
1
1
1
4
1
1
1
1
1
2
1
2
1
1
1
3
1
1
1
1
1
1
1
2
3
2
2
1
1
1
1
2
1
1
2
2
1
1
3
1
1
1
1
1
1
1
1
1
1
1
1
1
1
1
1
1
1
2
3
1
1
1
82
1
1
1
1
2
1
1
1
3
1
1
1
1
1
1
4
3
1
1
2
4
1
1
1
1
1
2
2
1
1
1
1
1
1
1
3
1
1
1
2
1
1
2
1
25
45
2
2
4
1
1
1
2
2
4
2
2
1
1
1
1
1
3
1
1
1
1
1
1
4
6
1
2
1
1
1
3
2
2
1
1
1
2
1
1
1
2
2
1
1
2
1
2
2
1
1
2
2
1
1
3
1
1
2
1
2
1
3
12
1
4
1
1
1
1
1
1
1
1
1
16
1
2
1
1
1
1
1
1
1
2
2
1
1
1
1
1
1
2
1
1
1
5
1
1
1
2
1
2
1
1
2
2
1
1
1
1
1
1
3
1
39
1
1
1
1
1
1
1
2
1
1
1
2
1
1
1
2
2
1
2
1
2
1
2
2
1
1
3
1
2
1
1
2
3
1
1
3
1
1
1
1
1
1
1
1
4
1
1
1
1
1
1
1
1
1
1
1
1
1
1
1
1
1
1
1
2
1
1
1
1
1
1
1
1
1
1
1
2
1
1
1
1
2
1
2
2
1
1
1
1
1
1
4
6
1
1
1
3
1
1
2
1
1
1
2
1
1
2
4
1
1
1
1
1
2
1
1
1
1
1
1
3
1
7
1
1
1
1
2
1
1
1
1
1
1
1
1
1
1
1
1
1
2
2
1
5
1
1
1
2
1
1
1
1
2
1
4
1
1
1
1
1
1
1
3
1
1
1
1
1
1
1
1
1
1
1
3
1
1
1
3
1
1
1
3
2
1
1
2
2
3
1
1
2
3
1
1
1
1
2
1
1
2
1
1
1
1
1
2
1
1
1
3
1
1
1
1
1
1
1
1
1
1
1
1
2
1
1
2
1
1
1
1
1
1
1
1
1
2
2
1
1
1
1
1
2
2
1
2
3
1
1
1
2
1
2
1
3
1
1
1
2
1
1
2
1
1
1
1
2
1
1
1
1
1
1
1
1
1
1
1
1
1
1
1
1
1
1
1
1
1
1
1
1
1
1
1
1
1
1
2
1
1
1
1
1
1
1
3
1
3
51
1
3
1
114
52
1
1
3
28
1
137
66
1
1
25
1
4
3
1
2
2
1
43
5
1
78
3
1
3
12
1
1
1
1
1
1
1
1
1
35
2
1
1
1
1
1
10
1
1
1
2
1
1
1
1
1
1
1
2
7
2
1
1
1
3
1
35
1
35
1
2
12
2
1
2
1
15
3
12
1
9
8
1
1
8
1
9
1
1
1
1
3
4
1
7
4
1
1
1
2
1
2
2
1
1
1
1
2
6
1
2
2
2
9
1
2
1
1
2
2
5
18
6
1
5
1
2
2
2
1
1
2
1
1
1
1
1
1
3
3
1
2
2
1
1
6
1
1
1
1
1
1
1
1
1
1
8
2
2
1
1
1
1
4
1
1
1
1
5
3
2
1
1
1
1
5
2
1
1
1
1
9
1
1
5
5
2
4
1
1
1
3
4
13
1
1
1
1
1
1
1
1
1
1
1
1
1
1
1
4
1
1
2
3
1
1
3
1
1
1
1
1
1
1
1
2
1
1
1
1
1
1
1
4
2
1
1
1
1
1
1
3
1
3
2
1
2
1
1
2
1
1
1
2
1
1
1
1
1
1
1
2
1
1
1
1
2
1
1
1
1
1
1
3
1
2
2
1
1
1
2
1
2
14
3
1
1
1
1
1
2
1
1
1
1
1
8
2
1
1
1
1
2
2
7
6
1
1
1
1
1
1
1
1
1
1
1
1
1
1
1
1
1
1
1
1
1
1
1
1
1
1
1
1
1
1
2
1
1
1
1
1
1
1
1
5
2
6
1
1
1
1
1
1
4
2
1
1
1
1
1
15
1
1
1
1
1
1
1
1
4
1
1
1
1
1
6
2
5
3
1
1
1
1
1
1
1
5
2
1
1
1
1
1
1
1
1
1
2
4
1
1
2
1
1
1
1
1
3
2
1
1
1
1
1
1
2
1
1
1
1
2
1
1
1
1
1
1
1
1
1
1
1
2
2
1
1
1
1
1
1
1
2
1
1
1
2
1
1
1
1
2
1
1
1
2
1
1
1
1
1
4
6
1
1
3
1
1
1
2
3
1
1
1
3
4
1
1
4
2
1
1
2
2
1
1
1
1
1
1
2
8
1
1
1
1
1
1
1
1
2
1
1
1
1
2
2
2
2
1
2
1
1
1
1
1
1
2
3
1
1
1
2
1
1
1
1
1
1
1
1
1
1
1
1
1
1
2
1
1
1
1
1
1
3
1
4
2
1
1
2
1
1
1
1
2
2
1
1
1
1
1
1
1
1
1
1
1
1
2
1
1
1
1
1
2
1
1
3
1
1
1
1
1
1
1
1
1
1
1
4
1
1
1
1
1
1
1
3
1
1
1
2
1
4
1
1
1
1
2
1
1
1
1
1
3
1
2
1
1
1
2
1
1
1
1
1
1
1
1
1
1
4
1
3
1
1
2
2
2
2
1
1
1
1
1
2
1
1
1
1
1
1
1
1
1
2
1
1
2
2
1
2
1
1
1
1
2
1
1
1
2
1
1
1
1
1
1
1
2
1
1
1
1
1
1
1
1
1
1
1
1
1
1
2
1
1
2
1
1
3
3
1
1
1
1
3
1
1
1
1
1
1
1
2
1
3
1
1
1
1
1
1
1
1
1
1
1
1
1
2
2
1
1
1
1
1
1
1
1
1
1
1
1
1
1
1
1
2
1
2
2
1
1
1
1
2
1
1
1
2
1
1
1
2
2
1
3
1
2
2
1
1
1
1
1
1
1
1
1
1
1
2
1
1
1
1
1
1
2
1
1
1
1
1
1
1
2
1
1
1
1
1
1
2
1
1
3
1
1
1
1
1
1
1
1
1
1
1
1
1
1
1
1
1
1
1
1
1
1
3
1
2
1
1
1
1
1
2
1
2
1
1
1
1
1
1
1
1
1
1
1
2
1
1
1
1
1
1
1
1
1
1
1
1
1
1
1
1
2
1
1
1
1
1
1
1
1
2
3
1
1
1
1
1
1
1
1
3
1
1
1
1
1
1
1
1
1
1
1
1
1
1
1
1
1
1
1
1
1
2
1
1
1
3
1
1
1
2
1
1
1
2
1
1
1
1
1
1
1
1
1
1
1
2
1
1
1
1
1
1
1
1
1
1
1
1
1
1
2
1
1
1
1
2
1
1
1
1
1
1
1
1
1
1
2
1
1
1
1
1
2
1
1
3
1
2
1
1
1
2
3
1
1
1
1
1
1
1
1
1
1
1
1
1
1
1
1
1
1
1
1
1
1
1
1
1
1
1
1
2
1
1
1
1
1
1
2
1
1
1
1
1
1
1
1
1
1
1
1
2
1
1
1
1
2
1
1
1
1
1
3
1
1
1
1
1
1
1
1
1
1
1
1
1
1
1
1
1
1
1
1
2
4
1
1
1
1
1
1
1
1
1
1
1
1
1
1
1
1
1
1
1
1
1
1
1
1
1
2
1
1
1
1
1
1
1
1
1
1
1
1
1
1
1
1
1
1
1
1
1
1
1
2
1
1
1
1
1
1
1
1
2
1
1
1
1
1
1
1
1
1
1
1
1
1
2
1
1
1
1
1
1
1
1
1
1
1
1
1
1
1
1
1
1
1
1
1
1
1
1
1
1
1
1
1
2
1
1
1
1
1
1
1
1
1
1
1
1
1
1
1
1
1
1
1
1
1
1
1
1
1
1
1
1
1
1
1
1
1
1
1
1
1
1
1
1
1
1
1
1
1
2
1
1
2
1
1
1
1
1
1
1
1
1
1
1
1
1
1
1
1
1
1
1
1
2
1
1
1
1
1
1
1
1
1
1
1
1
1
1
1
1
2
1
1
1
1
1
1
1
1
2
1
1
2
1
1
1
1
1
1
1
1
1
1
1
1
1
1
1
1
1
1
1
1
1
1
1
1
1
1
1
1
1
1
1
1
1
1
2
1
1
1
2
1
1
1
1
1
1
1
1
1
1
1
1
1
1
1
1
1
1
1
1
1
1
1
1
1
